65
215
165
91
184
213
107
248
115
187
5
109
141
9
10
100
202
174
72
243
128
72
111
122
28
39
5
75
144
153
45
213
116
37
62
25
101
17
51
219
116
187
97
143
185
81
0
102
35
217
83
249
228
15
151
148
50
112
160
133
164
88
13
98
62
127
35
203
166
219
15
28
2
139
63
83
224
111
238
229
96
178
156
53
113
24
229
2
140
138
248
237
211
35
2
0
22
80
148
7
72
246
184
148
203
158
97
248
185
171
28
149
214
192
219
194
235
109
185
153
179
188
222
145
37
217
35
233
76
18
234
125
215
95
17
53
156
168
136
80
93
199
191
39
214
80
163
82
111
208
